45;96;46;104;47;111;49;118;50;126;54;132;57;137;60;142;65;143;70;141;75;137;78;131;82;123;84;115;85;106;84;96;84;88;47;90;48;85;51;82;54;82;58;84;63;82;67;79;71;77;75;79;78;83;61;91;61;97;61;102;61;107;58;113;60;113;62;114;65;112;67;111;50;95;52;93;54;92;57;94;54;96;52;96;67;92;69;88;72;88;75;90;72;91;70;92;56;125;58;121;60;119;63;119;65;118;68;119;72;121;69;128;66;132;63;132;61;132;58;129;57;124;60;123;63;122;65;121;71;122;66;126;63;127;61;127
47;97;48;104;48;111;49;118;51;125;54;132;56;137;60;142;64;143;69;143;74;138;78;132;82;125;84;116;84;107;84;98;83;88;47;89;49;85;51;82;54;82;57;83;63;82;66;79;70;78;74;79;77;84;60;91;60;97;60;102;60;108;57;113;59;114;61;115;64;113;66;112;50;95;52;92;54;92;57;94;54;96;52;96;67;92;69;88;72;88;74;90;72;91;69;92;55;125;57;121;59;120;62;120;64;119;68;120;72;122;69;129;65;132;63;132;60;132;58;129;56;125;60;123;62;123;64;122;70;123;65;126;63;127;60;126
47;96;47;104;48;111;49;118;51;125;54;132;56;137;59;142;64;143;68;143;73;139;77;132;81;125;83;116;84;107;83;98;83;88;47;89;48;85;50;82;54;82;57;84;62;82;66;79;70;78;74;79;76;84;59;92;59;97;59;103;59;108;56;112;58;114;61;115;63;113;65;112;50;95;51;92;54;92;56;94;54;95;51;96;66;92;68;89;71;88;73;90;71;92;68;92;55;124;57;121;59;120;61;121;63;119;67;120;71;122;68;129;64;132;62;133;60;132;57;129;56;124;59;123;61;123;63;122;69;123;64;127;62;128;59;127
46;98;46;105;47;112;49;119;50;125;53;132;55;137;59;142;63;143;68;143;73;139;77;133;81;126;83;117;84;107;83;97;83;88;46;90;47;85;49;83;53;83;56;84;61;82;64;79;69;78;72;79;76;84;58;92;58;97;58;103;58;108;55;113;58;114;60;115;62;113;65;112;49;95;50;92;53;92;55;94;53;96;51;96;65;92;67;88;70;88;72;90;70;91;67;92;54;125;56;121;58;120;60;121;63;119;66;120;70;123;67;129;64;132;62;132;59;132;57;129;56;125;58;123;61;123;63;123;69;123;63;126;61;126;59;126
46;98;46;104;47;112;49;118;50;125;53;132;55;137;58;142;63;143;67;143;72;139;76;133;80;126;82;117;83;107;83;98;82;88;46;89;47;85;49;83;52;83;55;84;61;82;64;79;68;78;72;79;75;84;58;92;58;97;58;103;58;109;55;113;57;114;59;115;62;113;64;112;49;95;50;92;53;92;55;94;53;96;50;96;65;92;67;89;69;88;72;90;70;92;67;92;54;124;55;121;58;120;60;120;62;119;66;120;70;122;67;129;63;132;61;133;58;132;56;129;55;124;58;123;60;123;63;122;68;123;63;126;60;127;58;126
41;103;42;110;43;118;45;126;47;134;51;141;54;147;58;151;63;151;69;149;74;144;77;137;81;129;82;120;82;110;82;101;81;91;41;94;43;88;46;85;50;85;54;85;60;82;63;79;67;78;72;79;75;84;57;93;57;99;57;104;58;110;54;115;56;116;59;117;61;115;64;113;45;98;47;95;50;94;53;96;50;98;47;99;63;93;66;89;68;88;71;90;69;92;66;93;52;129;54;123;56;121;59;121;62;120;66;121;70;124;67;131;64;135;61;136;58;136;54;134;53;129;57;125;59;125;63;123;69;124;63;130;60;131;57;131
42;102;42;110;43;118;45;126;47;134;51;141;54;147;58;152;63;153;68;150;73;144;77;137;81;129;82;119;82;110;82;100;81;90;41;93;42;88;45;86;49;85;53;86;59;83;63;79;67;79;71;79;74;84;56;93;57;99;57;105;57;111;53;116;55;117;58;118;61;115;63;114;45;99;46;96;49;95;52;97;49;99;47;99;63;93;65;90;68;89;71;90;68;93;66;93;51;129;53;125;56;123;58;123;61;121;66;121;69;125;67;132;63;136;60;137;57;137;54;135;52;129;56;126;59;126;62;125;68;125;62;131;59;132;57;132
42;104;42;112;42;120;45;128;47;135;50;143;54;148;58;154;63;154;68;151;73;145;77;138;81;130;82;121;82;111;81;101;81;92;41;95;42;90;45;87;49;86;52;87;58;85;62;80;66;79;70;81;73;85;56;95;56;101;56;107;56;112;53;118;55;119;58;119;60;118;63;115;45;99;46;96;49;96;52;98;49;99;46;100;62;94;64;90;67;90;70;91;68;93;65;94;50;131;52;126;55;123;58;124;61;122;65;123;69;126;66;133;63;137;59;138;57;138;53;136;52;130;56;127;58;127;61;126;67;126;62;132;59;133;56;133
41;104;41;111;42;119;44;126;46;134;49;140;53;146;56;151;61;152;66;150;72;145;76;139;79;131;81;122;82;112;81;102;81;93;41;95;42;90;45;87;48;87;52;88;58;85;61;82;66;80;70;82;73;87;55;96;55;102;55;108;55;115;52;119;54;120;57;121;59;119;62;117;44;99;46;96;49;96;51;99;49;100;46;100;62;96;64;91;67;90;70;93;67;94;65;95;50;131;52;127;55;126;57;126;60;125;64;125;68;126;65;134;61;138;58;139;56;139;53;137;52;131;55;129;58;129;60;128;67;127;61;132;58;134;55;134
42;105;42;112;43;121;45;129;47;137;49;145;52;151;56;156;61;157;67;155;72;150;77;143;81;134;82;125;82;115;82;104;81;94;41;98;42;93;45;90;48;89;51;90;58;88;61;84;66;83;70;85;73;89;55;98;55;104;55;111;54;118;51;122;54;123;56;124;59;122;62;121;44;102;46;99;49;99;51;101;49;102;46;103;62;99;64;94;67;93;70;95;67;97;64;98;49;134;51;131;54;129;57;129;59;128;64;129;68;130;65;137;61;141;58;142;55;142;52;140;50;134;54;132;57;132;60;132;67;131;60;137;57;137;54;137
41;108;42;116;43;123;45;132;47;139;49;146;52;153;56;158;61;159;67;158;72;153;77;145;81;137;82;128;83;118;82;107;82;96;40;99;42;94;45;92;48;91;51;93;58;90;61;87;66;85;70;87;74;91;55;101;55;108;55;115;55;122;51;125;54;126;57;128;59;126;62;123;44;104;46;101;49;101;51;104;49;104;46;105;62;101;64;96;67;96;70;98;68;99;65;101;49;137;51;134;54;132;57;133;60;132;64;132;69;133;65;140;61;144;58;145;55;145;52;143;51;137;54;135;57;135;60;134;67;134;61;139;58;140;55;140
